000000
000001
000279
001744
010045
008761
004003
009604
006170
007912
008485
007361
005500
009931
002960
010491
006004
003254
005333
010389
000761
005678
000339
001507
001660
009301
005762
004691
009932
001090
008824
008595
006578
009690
009227
001568
005386
003861
008031
010536
006775
008129
005280
004430
001175
007783
007447
010315
010220
005205
007213
007247
007145
010285
000275
001900
005453
008211
004158
007224
010527
003329
010102
007789
000118
007876
006289
004294
004249
001761
010139
006390
002525
005421
007809
005493
005001
003785
000822
001159
004526
004687
009195
003445
010117
006392
009990
001700
005928
010462
003809
006228
003409
003555
001045
005970
006705
008385
009865
004269
010435
006656
002086
002259
002077
007125
001922
009205
000938
009849
007363
009832
005113
008603
007954
002015
008302
005776
009721
005739
005228
003082
006459
008593
003547
003253
005518
001041
003472
005508
002568
008499
004397
000693
001530
007827
009269
005955
005914
004599
008212
010059
002139
009709
003370
010477
007443
000918
002396
000016
002949
001933
002564
009929
003202
000780
006296
008732
004979
001030
000777
008004
008623
007410
009720
005726
005700
010099
001213
009698
010439
004479
003719
003068
001676
009791
000131
009973
002007
004234
006233
007435
008114
008416
000438
009429
006783
006125
007479
006261
008944
004643
003973
002827
005608
002115
005523
010546
008158
009794
007689
000345
001757
002989
001260
000860
007684
009194
001882
008851
006708
009898
009719
006794
001549
010078
005225
009647
006055
001991
006482
009517
008866
010361
004337
005687
000253
010126
005896
000922
004590
001765
005569