000000
000001
000279
001744
005602
003258
009322
000243
009857
010428
010589
001434
004687
003057
008780
006310
002503
003946
006642
005903
010439
010566
004947
008089
001432
002834
000108
009237
003107
001240
002064
004022
010221
001795
003102
001011
006632
006702
005989
006109
003271
007937
005918
002061
005749
009281
007781
004596
008571
004051
005464
000051
009947
006817
007069
003533
008399
004310
005207
005851
004934
007232
000437
008453
005631
007874
004593
010215
005333
003421
006289
004996
006338
002336
010323
002445
000933
000059
010496
005622
007992
003062
007646
003473
006347
007402
002168
000819
004327
006562
000118
000161
003583
007536
002319
003321
009508
005959
000680
000904
002252
006265
000390
008765
008173
006422
001182
000934
010605
004117
010133
003878
004293
002094
004384
006314
001112
003961
010345
001882
003786
006140
010246
007833
000408
006489
003807
001673
006582
006359
010027
005607
003648
003502
000175
009418
008612
003345
004388
008823
001400
001945
007601
005356
003343
000203
002192
003803
002369
008789
003407
000335
001020
005242
004175
003425
006114
006139
005964
009926
004604
002086
003905
003489
007558
008049
001648
000186
008934
005616
010207
004371
001891
004177
006391
008308
005898
005531
007576
005311
007468
000331
007424
008740
010376
000065
009414
004042
008192
006367
005582
000045
003412
001570
003090
009553
004354
006704
005161
000941
007974
007614
004102
007760
007177
003659
000802
001780
008729
005778
006302
001493
000075
006448
009931
001982
008828
006355
006110
000412
007196
008302
003519
005792
007735
009621
008311
005753
003162
002121
007707
005653
004530
002843
008684
004197
008333
008691
005056
005309
003685
009712
006332
003071
005377
000251
006672
010230
004315
002286
008061
007941
008234
009836
000314
008158
000347
003853
008179
001377
003985
004208
004231
004023
005944
001123
000109
002832
003127
005359
001914
008228
004614
003764
000073
003234
008025
002911
000222
004613
004146
006341
003392
006094
000006
002438
005767
005219
010233
009849
004015
003423
001571
005683
002828
006475
010172
000360
008575
005626
006524
010178
001608
003391
005057
004285
001846
010105
000870
004607
002290
009607
003138
002355
001944
008876
006157
009470
010406
005353
008328
006089
001232
010024
006618
007513
007977
003488
008008
002457
007887
010091
009199
006606
001100
003132
001314
010448
003712
001242
009727
007740
001457
005450
003544
007249
002553
000389
007408
007838
002507
001210
010577
010535
007358
000272
007195
001399
003142
004356
004582
001911
004972
007446
001453
006796
001972
002819
001337
010437
001523
000185
005035
004517
005832
002434
006045
003864
008085
002233
004059
006782
008536
007588
005732
008425
005867
008038
005458
004633
004060
007299
007300
001953
001614
008164
007217
005965
007521
009535
003483
001816
009443
001041
007148
008018
005301
008479
001878
002100
007400
002158
003930
003757
002245
006714
009795
004624
003929
003428
007971
003414
002257
000287
004444
009489
008034
002497
000349
000967
006630
009545
000257
001536
008446
007096
007912
004974
010034
008397
003283
004319
001037
005852
010286
006479
006353
008384
002508
010560
008537
002201
005544
010124
005659
003561
009865
005835
006203
007671
009392
005736
003998
002030
004292
000292
001447
007738
003249
001933
008292
001201
008899
001511
004160
008827
008202
008588
000954
004642
008091
003197
006132
005090
000249
005223
000709
003417
005954
007348
003928
002196
005062
006308
004235
000970
005774
008372
006712
009272
004469
000341
008084
002323
009629
006774
001926
003576
003711
001150
004132
006693
006644
002120
010369
008072
009760
002974
001700
008890
004696
010423
003253
009551
009353
007242
001699
003173
005229
009296
003124
001381
008930
001637
001863
005041
004180
003180
007995
005548
003302
000308
001904
010509
001454
007475
004026
002402
010251
009924
005404
009354
000932
005755
004276
010609
002249
009862
009444
008614
009652
006403
009659
003499
001189
002519
002512
008042
001769
007316
001888
006786
004668
004017
007592
005546
009833
003136
004216
002054
001384
001803
003697
001913
005766
005667
008922
010030
005025
007152
004099
008564
007180
002207
006682
006790
002022
010310
010614
002528
002092
007706
010379
010341
004189
003054
008432
001355
007467
000247
007161
010157
008822
008405
003790
007387
006247
001139
001336
003856
001573
000218
002316
003892
001799
006519
006513
002346
008926
004383
002001
006209
006585
008473
006744
001256
006261
001745
005214
002986
000416
003522
010551
000879
003154
010553
000414
009770
008341
007852
001430
005630
008754
001763
000127
002056
000261
007173
009675
007922
005069
001009
008127
003541
004610
006723
002841
009611
010149
000812
003719
003191
010006
003990
000254
009891
004631
000818
008283
005177
009388
005485
000197
009843
009438
008848
001928
003034
003732
002072
001469
010046
006252
000236
005007
001214
001273
000992
002478
009699
003895
010626
006058
003147
001874
008856
006204
007694
010143
004937
000847
003813
000693
003888
008545
000784
003903
004957
001058
004367
009375
008716
003070
008121
002917
009702
010079
000873
006544
003615
006171
001464
005218
002509
000810
009386
008891
001296
006068
003879
008764
008015
001814
005225
004249
008879
010121
003776
006792
006560
003948
001278
006619
005169
002997
003910
006019
009574
002561
008787
004663
000692
006646
000162
000965
000977
003444
008700
007602
005894
008505
007287
004355
002548
007346
000779
009370
008237
003882
006129
005572
010596
010297
003679
004523
007463
003001
009367
003650
008814
001611
005586
005091
006572
010475
005955
007950
008577
004163
003237
004238
006640
004600
008616
002835
003913
010284
001898
005290
003467
000896
005782
000945
010050
005973
004222
007668
000318
010377
004537
008788
002032
005349
001629
005647
002317
001040
003841
007679
007999
007489
005687
007549
007305
003245
003819
000841
006523
009532
010276
007523
009330
003850
001126
003939
006664
000797
008693
003641
006269
005118
010075
008771
006804
005423
004202
003373
008897
000699
008519
004612
005816
003625
005592
006208
008323
002300
000223
008791
008480
000093
009413
008495
006150
004401
002236
003845
010098
002448
005087
001620
005842
000365
008733
005934
005426
000701
009207
008946
007708
009289
003560
000071
002919
003898
010003
005827
004398
006276
002556
010095
008595
009954
006426
004674
009719
002455
006442
006370
002078
002026
001343
005130
003143
005571
001559
002992
003553
009930
001438
001250
003843
002389
004986
000765
004010
003066
003200
006126
003709
008354
009759
003601
007547
000323
009250
002982
009808
009772
002901
004032
004543
000275
006626
008420
001044
001344
003177
005594
002963
001517
004414
007406
010109
001610
003328
009710
008885
007296
002893
002291
002435
000863
003186
008297
001557
003937
003837
001940
007832
009280
005784
006061
000696
002844
000872
001713
000002
008617
002144
009378
000839
002544
004016
003588
007436
010220
000415
006469
008181
008632
001159
007659
006207
002274
005522
001209
005759
000707
000981
008548
009365
009546
008526
008868
003158
001258
005773
010617
008069
003042
000325
002373
008161
002462
005250
000999
006035
004303
008821
007949
000859
001130
000122
007900
001039
003749
000242
001496
000931
008695
005577
005678
006545
008447
004477
000176
006333
003178
000302
009650
002220
000061
001528
005465
009777
003130
009298
004125
007401
009798
005617
007381
010175
010539
010398
000705
001450
008075
006286
005726
009603
008687
009440
005407
004956
006116
005541
010287
007122
002302
003410
002116
002234
004459
004188
000922
006673
004588
003247
005259
009396
004654
000293
008220
009355
010042
000050
006233
007233
010119
009523
008592
004198
001446
000029
005788
002264
010395
003335
008162
001109
000076
008861
005084
009624
006315
010266
005513
008241
005227
001156
003045
006647
005372
008660
003546
009334
002444
009773
007882
006590
005623
007559
006660
003402
004076
010303
004960
002833
004971
007866
002297
007985
008638
009184
004676
001019
003035
004536
005486
001768
007150
003642
003540
001246
009224
007073
004629
003330
006390
001166
002047
003319
003260
002298
003876
007869
008507
005761
010036
005688
002941
004376
005316
003325
008769
005334
008293
008355
005793
010371
007144
002959
000253
004985
010545
006218
002145
001542
003616
005503
010025
003984
009317
009188
000395
000813
005798
008870
005863
002476
003174
009982
000369
000131
007532
002210
006520
010186
004172
005107
002152
001064
003549
005187
008642
006777
000267
005417
009285
002902
009952
003887
007111
009660
010355
010273
008256
008837
000016
010347
008388
005494
000286
005652
004521
001725
002814
005740
000820
007761
008553
002924
004484
000786
002371
010538
005574
007947
005439
002318
002916
002356
008304
004425
002000
007711
004004
005132
001504
002939
008071
007667
004254
004436
009458
005823
006082
000752
006577
003056
008744
003327
005123
008074
007492
004078
001644
008776
008357
007087
002337
010161
003184
006748
008720
002177
005516
002315
007546
006499
009767
008261
003059
008790
010145
009430
006081
000754
008143
005671
007764
008210
007333
009933
008148
006034
009208
003940
004093
003668
007474
002984
006409
009513
007734
001251
001954
000805
009544
007322
008763
002467
007939
007653
009823
007581
003308
003347
001915
000944
002179
006316
008875
010125
000277
004330
002209
007757
008093
000179
006273
007697
001173
001989
008142
003681
004083
007754
001431
007548
007319
008649
010616
000366
004226
008242
007892
005345
004424
003235
009949
010292
006477
004130
007166
009435
005777
008915
006533
008810
006135
010123
002905
001622
010622
002276
010520
005003
007097
003924
003263
007531
003126
004306
002811
006711
002353
003223
004686
005505
006436
008229
002122
010562
004955
006030
006271
005543
000193
005706
008279
003726
001670
000209
010625
010197
002006
007064
003781
009247
006447
003670
006342
000044
010512
009975
002229
008157
008252
002481
004007
005382
010420
001379
004656
005338
010623
009969
004552
006620
002046
009680
002471
008911
009905
005247
009380
002927
000823
008501
000916
008369
003974
005911
003770
002554
003587
009654
002440
007225
002412
008288
008742
006344
003041
007116
007176
003185
007867
001621
008243
009955
002400
003492
001862
010380
003943
009585
008464
007506
009549
003208
004124
005673
009966
005800
002518
004416
002980
006173
001642
005765
003838
003667
003478
003660
003694
008773
007634
003703
000289
004048
001594
006459
002338
003163
006177
010002
008263
009827
001498
008111
003226
003873
007956
008424
005986
008762
004412
009477
000763
008057
001466
002133
005451
006169
007250
006809
010111
003669
007517
001043
004274
007384
006639
005870
003123
008324
004390
008625
007989
008067
003274
000010
006185
000890
005285
004199
000039
007483
000907
005716
004405
008305
005981
000338
002378
005497
004645
010071
002944
002552
005378
004207
004573
002409
009203
004673
003280
005071
006032
005514
004305
001394
007895
005640
000721
002922
003904
005982
001261
001048
009643
000384
003156
009331
004336
001782
002825
002170
008455
006052
008352
001844
005707
001220
000172
005855
004107
007930
001308
009453
003413
004578
009447
010330
010523
008748
010375
004136
004964
004532
010194
000983
006424
006738
005080
002010
000305
009597
008006
008482
010350
006472
006219
009750
007209
001916
004458
001137
002965
005154
006179
002521
008264
007512
005865
006137
007975
006095
006011
001636
001460
001101
006680
006517
006427
002443
010189
003496
001395
004451
009509
010506
008924
004118
004447
005530
001339
008457
008392
007913
009794
007785
007689
001519
010440
006449
010519
000058
003368
002870
001131
010304
004551
002382
003480
005055
003387
001826
006659
010102
005278
004137
005251
002955
008770
003164
008377
006307
006263
001520
009630
006275
009742
009704
005642
010458
000903
005133
003361
003569
004522
001995
001320
002972
007748
005427
005230
007142
002187
010140
004527
010514
008782
005194
003285
006196
008935
003193
002525
008108
005246
005597
003055
005651
001600
006200
001143
010360
002068
005125
005540
009481
001836
000959
003565
007407
003766
002023
006514
001712
006133
010548
000843
007865
000040
010226
010082
001229
004695
008712
002836
001152
003188
000973
001522
004173
001527
010282
003182
008245
006586
005491
003812
002289
001893
007790
008116
007175
007397
006779
001618
007350
006388
009756
004291
000120
008095
003981
001599
004290
008521
002227
008077
010016
007684
003995
006299
010346
008515
001747
002821
003089
010005
004433
000380
004628
009573
006476
006194
003096
007482
008019
009345
007611
006814
001591
001282
007730
002109
004192
000383
007805
004486
006235
008458
007976
003947
000214
001116
000306
005046
000850
005061
003896
007940
003268
006413
003696
007497
006096
002065
004679
008052
007290
005021
002313
006021
010156
005875
004244
004002
006474
005097
000829
005076
005402
002175
009323
001671
007364
004567
006561
006073
006484
009206
010241
008820
005049
002913
008267
007794
003787
009806
009739
008543
009319
008382
008724
009310
008086
010584
009880
001748
009287
007762
006819
006636
007470
001332
007657
004364
010540
008869
006245
007304
004217
007189
000053
007585
002480
008598
009787
004027
004540
005484
009530
005241
000718
010184
008428
001811
006627
003181
006147
004978
001302
008094
008358
007742
002350
007453
004514
004345
001558
008659
000211
009866
006087
008758
002108
007094
003061
005711
001238
004115
000401
006749
008714
010295
003172
008894
003406
006595
003925
009732
003529
006389
003809
004463
009870
005191
000691
005838
001427
004374
005438
006757
004080
002466
000005
006186
008401
008735
001403
000049
003348
003640
001095
001501
010219
003912
001587
007378
005392
003452
000428
005193
009715
009918
003360
009305
008225
006003
001738
010065
005371
010604
005933
008925
003300
005830
001391
005233
000714
010502
008699
008448
001686
002073
006607
005560
000311
009484
007226
008029
003555
006264
002572
002301
000441
006532
006108
006651
005355
004542
002063
001211
010465
002421
008671
003504
002432
007351
007450
001026
003785
000032
000758
001823
010331
001396
010196
000178
006597
003000
000989
002459
005272
009904
001715
003039
003027
006190
002193
005806
009754
003617
005743
008277
004318
000804
000966
000962
007636
002284
006671
003849
006250
005701
005388
003773
000917
010218
004288
004635
007725
006654
007639
008290
010007
009270
004385
006458
003346
009190
006652
003613
009610
000957
003047
005504
001971
007850
001819
009811
005556
009465
005182
005949
006251
002815
007496
003645
001144
002050
002370
003647
006280
008133
005860
010430
001093
003931
006775
002860
005508
000174
001102
007320
001398
008217
000354
002884
010236
000770
010088
010575
001086
009642
007271
003111
006334
005799
008809
008669
007285
005660
002119
004277
004475
007328
005379
005957
000133
003470
010193
008282
003160
009284
008350
006756
004519
001538
007618
007842
002156
010290
002003
008555
002185
005585
003816
001787
006259
008012
003140
004258
009338
008858
005763
008618
009185
007449
003778
001562
010244
001172
009626
003251
005559
000067
005878
003314
004221
010449
002975
006246
001329
005879
003064
001721
007910
010515
006521
002224
000004
009403
010274
005841
007953
003988
005991
005249
008883
002341
003656
010405
004135
010412
005780
005421
007569
009571
009886
009728
008045
001053
010486
005376
001290
008383
006571
008767
003744
007105
005145
007920
009944
000978
004681
009325
003508
006293
004995
008844
000340
000755
003257
006025
010137
001284
006433
010459
004255
000723
003032
008004
009875
001317
006716
009672
000980
001539
009316
003606
008186
009799
005891
003493
001737
007700
003994
004006
008739
005517
006550
006567
003426
008796
009525
000241
010394
005848
006645
009820
001267
010261
005962
003619
003040
007966
007904
004944
002231
000344
001468
008741
010446
006005
001639
009825
003187
003867
002268
007870
006504
000997
003721
003568
001222
007929
008332
009832
005518
008781
000939
007204
008080
005302
009887
003044
003415
001328
007120
003084
004153
007839
009516
000085
005198
003859
001325
004350
006416
010248
003037
004041
008009
008835
008613
008320
008137
010039
004515
006635
004563
000173
002536
003296
005676
006125
000237
010340
000198
007229
000283
002219
002487
010599
005277
009736
003485
010169
006294
000726
007151
007716
007690
010066
004309
003025
007792
003545
007109
000713
004201
008081
007415
009635
002932
006328
005802
003758
007101
003970
006518
008461
004179
001351
005996
006621
006244
009950
005489
009940
002555
003157
007146
005812
009819
004413
005627
005457
000410
009914
003958
005896
007556
007347
006614
001375
006761
001106
000337
008512
008732
002921
004670
000751
010544
003718
002859
001619
005550
000008
008650
002205
001612
001163
002464
008024
009304
009505
000130
001887
008860
010572
001615
005176
003232
005200
007688
002025
007103
001288
001526
005656
010601
001005
007380
005907
002334
007270
009978
009721
008631
005244
001063
003371
001052
008888
005890
003623
000740
001847
005234
003288
000013
002563
010427
005305
010495
004400
006202
008224
007767
007181
008591
005448
000722
007769
005843
004597
007104
000007
008558
003244
010151
001402
001988
005866
007955
006675
009344
003242
007775
007421
009854
010472
007851
007428
009300
001056
002240
004431
009238
003666
010283
009588
008434
010390
000357
001731
001067
003635
001817
002883
010094
005273
004980
010142
003532
001414
003608
003231
000417
007465
006258
001439
007215
007318
009562
003273
007074
001160
010372
005110
008016
006746
001169
000035
006820
002191
009461
003933
009225
003028
004626
003165
005086
010336
000800
005367
006813
009466
008064
008321
007545
007431
005315
009547
009817
003720
001324
000975
005950
002088
003316
000151
001842
005463
000884
003503
004063
007404
005481
005043
005108
004379
004409
010333
006295
006236
007113
007844
002057
006482
001298
006631
008468
007822
010542
010351
007171
008329
001950
002442
001665
010035
003846
002223
008295
007082
004666
001448
008466
005801
003653
002820
003557
003799
003663
007958
001415
007227
003741
000393
008037
003350
002031
007741
003052
002258
000271
005178
003104
001433
005168
000054
009218
009292
009717
001277
004498
006726
004991
003159
010358
006240
008083
003119
000924
001650
001153
010113
008272
005390
009951
009559
002048
001791
007086
003847
007942
006677
007153
010583
009829
007182
008574
005162
001786
004966
010556
003106
006605
001499
001435
008239
003007
008452
001858
010195
007360
001518
007607
002885
003889
002283
004420
004236
008351
005396
009244
003934
002081
007899
007251
004340
001072
005745
004669
003538
003802
005916
003394
006178
004933
010085
009778
005469
003323
003866
004098
002347
001907
004970
001514
006548
002280
010451
003966
007394
004664
001659
001349
009662
006306
004568
006769
000100
006290
007448
006541
002075
001674
000815
006789
007723
005825
005681
003840
003552
009408
005889
005895
001070
005737
007860
002996
008056
009589
005255
009542
005174
004457
004939
009962
007301
003043
004448
003927
007213
004203
001902
004044
000739
006385
008433
009258
009977
000858
005282
008520
006695
008525
006329
000114
008053
003261
002425
006141
008752
003374
005794
008812
008254
008867
003700
007205
010148
007221
009212
006791
009834
006797
009667
005040
000326
003265
006509
003108
010092
002510
001385
009204
001316
009441
010447
006237
003352
009959
001486
008606
006170
008316
001886
003821
008517
008707
001071
003065
003578
001006
010460
006446
010399
008878
005172
009241
003098
005236
000142
003622
007222
009522
001661
003906
001986
008474
003129
005844
007080
007722
007606
001860
008418
006254
005213
006798
005695
005319
005361
008859
004446
002451
002118
005564
001589
005171
002970
008366
007988
010324
004286
001906
004507
005323
001128
007542
008540
006159
005999
003854
003293
002228
005188
002537
008055
001458
009688
009514
003491
001841
006327
001633
004942
008866
010279
001350
009649
003445
000232
007341
007935
008560
001580
003339
008889
004328
001883
000840
001825
006629
007277
009751
000111
003677
003229
001122
005026
003109
003671
006444
000855
002189
008291
008626
001069
002437
001111
002066
005596
005664
007883
003175
007617
004215
009620
002446
008043
001363
007733
006223
005228
008542
000348
005644
009294
007849
000719
008249
007344
005344
007642
003628
003589
004566
006556
001978
003872
002277
006354
006142
001241
002359
009861
002406
002515
010334
008721
010404
007273
001249
001624
007593
010396
004499
008779
006123
007538
009693
007641
005073
004014
001723
003506
003936
003356
008663
005598
004065
004572
001764
004055
001276
003149
004994
001572
009242
004620
009495
005028
005373
001485
003566
009214
001255
000796
007806
010185
005932
009595
007252
001551
003505
009681
005779
002098
001003
002246
001421
008945
009948
001376
002203
008690
001463
004018
005120
010131
003294
009254
007216
002232
010468
002954
005735
008941
006759
009539
007670
008817
002874
003658
003755
007084
001774
003959
003454
000958
009885
009615
004516
001186
003835
004342
004404
003772
010536
002894
000439
009625
001900
008824
006016
004095
001147
009716
005063
003804
003255
007501
005050
001752
009480
010289
009973
008105
010259
000737
009709
008109
008652
005601
003020
006047
003768
002822
006454
009336
004513
008437
007537
010077
006624
007259
004325
008522
003139
002973
003313
005280
004269
000234
009792
002153
003220
007352
003706
000893
005869
010455
006004
004266
000205
006297
006411
006686
007472
000998
004162
002496
002472
008155
001895
009222
000689
009464
003431
002861
007872
004959
003461
003451
001083
001295
009882
006438
009273
004105
009211
003590
009384
000775
006410
005837
002550
006815
000225
001789
004647
005312
009590
007731
007245
004550
007306
010093
008441
001097
000396
007433
005419
006478
005195
003438
007590
005197
003746
001734
002090
004333
003738
007557
005216
004545
009644
007163
000187
009391
001917
001243
002142
004316
009339
000824
000227
003562
000421
001390
008472
007310
010339
003573
010180
002330
007580
006525
006512
006189
008761
000184
008546
001822
009246
003342
000153
005500
004242
001549
003211
004689
004608
001740
003831
009724
008590
002101
005694
006046
002036
010028
000397
005519
001630
000123
003448
007753
006162
007491
010613
000956
001694
007294
008602
009373
005126
005173
007553
006696
001750
008394
001323
009789
001274
008857
003435
009771
005114
003078
001036
009831
009217
005715
007695
007952
003239
010000
001304
003329
004183
002368
006566
006112
004205
009979
005821
006120
002422
007729
005239
005047
002357
007256
000047
006648
005612
001832
005941
006503
006803
009457
001016
009410
007088
003796
004592
000925
001032
003675
002262
008260
001303
009745
000902
003880
007203
007877
010400
010403
005425
004381
009303
003938
004690
002230
010152
005710
003759
001482
003707
009890
000419
005850
009958
010048
010392
003318
001490
001310
002390
009468
009187
001194
007066
000759
000069
007796
005159
010477
005976
008412
001025
004087
004074
003006
000768
010571
004503
008804
002042
007143
010237
003388
008166
002111
000891
007808
008637
001575
005813
008331
006375
007702
001833
008334
003049
008338
002538
003621
008325
008485
008336
006198
006781
008322
005386
007961
001502
005940
006015
001951
008486
001418
010326
006381
008600
001452
003456
010192
006420
008208
008197
002163
007629
010492
007201
005459
002183
000698
005437
010321
000806
002851
001378
009682
003851
008943
007461
006507
008151
003241
002340
004329
003432
003900
007068
010019
000853
009898
007771
003252
006325
002568
010337
002931
008330
009656
002195
001710
006072
002526
007172
001158
002889
009318
007403
001076
010213
004351
010382
003542
004094
008572
006304
003058
001806
004636
008624
007330
008431
000088
007255
008039
004421
001584
002469
008123
010383
007099
002863
003885
005094
005923
010504
005281
001796
007746
002344
010296
001472
009278
007067
005324
004617
003003
000979
007108
005467
008079
007820
005235
002172
001683
000877
009230
002399
003975
005479
001030
000803
000778
005674
000883
006113
006592
002500
005074
004058
002547
004606
006165
008216
004109
009333
004653
004228
005537
000221
007174
010227
009356
000882
003256
003595
002935
008901
008286
006502
003637
007169
001727
010084
000951
003310
006191
007650
001641
004462
003748
008153
006012
001835
007454
002221
007835
006563
001187
005655
009409
007811
002909
005440
010494
001265
010265
006529
002938
006292
008188
008032
009248
005284
002305
008808
002351
003429
006092
001697
001999
005128
001767
005034
000880
006555
002020
008698
008871
004393
009587
009192
004182
003737
006534
001356
009842
005507
001205
010173
004168
009929
000206
003955
004337
000266
002306
010270
010585
006527
003518
007460
002037
002857
007991
006633
008493
007426
009628
007926
005470
001804
001946
007139
007622
007567
008400
003710
010482
002505
004618
005357
006491
005192
010480
001050
005059
001876
002900
006161
007710
009746
007345
001028
009393
005342
010517
000048
001722
006027
000248
003830
009779
004496
008013
008923
003750
008167
003170
010242
002012
003092
009998
010023
008413
006260
000964
007490
003691
001919
003376
001470
009369
007655
009872
002103
008795
000270
003649
006323
004271
005833
000327
005734
004245
002080
008938
000742
002978
010378
004294
010580
008128
007191
005348
004013
007814
010150
003015
002362
009582
001410
003639
005997
006486
007269
001113
004693
006538
007589
010444
003968
008886
001942
007371
000921
007677
009685
010328
009602
007081
003393
006373
001272
007321
003355
006249
006466
003087
009194
010128
008715
007739
000210
010139
005829
006516
003618
007630
007140
006118
002838
008937
004209
008246
005922
005317
003954
001200
004683
002131
001088
007651
007524
000081
003686
009781
006248
008797
005410
000387
009600
006395
006228
000767
008374
010182
001233
006225
000402
009371
001647
002110
001987
006745
004111
006121
001543
006663
008610
004643
007179
006041
009684
001404
003777
000208
004494
009908
003219
006760
009394
007368
006565
010558
006393
005335
010561
009328
005453
009730
005892
008174
005854
001604
003486
002123
001165
006588
003753
010083
008465
007261
005969
005221
006056
000084
000910
003901
004981
000905
008622
010206
002489
000399
005970
000011
004625
004304
003405
010041
009687
003354
006767
005276
007092
000963
001471
010122
007718
007857
001062
000717
001309
010610
003291
007430
005189
007713
006432
003735
000988
010586
010567
010110
005048
003824
007504
002206
001300
009697
008058
008912
008187
005488
005293
006698
003398
003447
006267
007339
003780
004045
005153
008124
000720
006060
008688
001598
004602
002171
001679
002149
001247
008385
005296
007365
006594
003011
004649
009708
008949
005679
001820
001132
010445
001957
005042
004138
008280
010054
003411
001497
000708
009420
007680
003364
003865
004232
009803
005599
000191
001248
005210
000842
008198
007418
002930
000063
002506
000101
002218
002569
010581
005297
006224
006428
004149
001389
004314
002372
006407
005968
009293
009802
009321
007185
000163
006440
008641
007551
003886
008706
005700
008065
006799
002254
008307
005327
006234
001185
006097
006296
005868
007686
006589
007897
003596
001236
003497
007919
003420
001171
008172
008175
010087
002397
003751
005539
003281
007134
004397
009415
005478
009405
010573
008255
009971
001297
008026
001821
003120
006691
005141
009487
009616
000310
005857
007457
007266
002325
009566
001455
005613
010126
009506
006134
009455
000215
005474
000799
009471
007511
008927
003730
005887
000152
007186
005103
003383
009390
007230
006181
006441
000801
010354
006684
001755
006493
003401
010166
003678
001839
005406
001105
009987
005445
010528
008092
009570
005663
001998
001757
003337
004210
006222
009851
000828
002267
001321
007297
006384
001369
009731
004659
000296
002204
005589
000079
009614
001979
007262
008746
001419
000043
007584
005064
008315
007830
007917
005238
008802
004338
003630
000098
001382
009266
009912
000087
006800
003747
000328
007936
004471
005262
010100
010315
001910
009557
001534
009295
003996
001055
003217
009201
010147
005149
007126
009503
009239
000832
001947
007335
007560
010204
002335
007248
001193
005098
007085
009813
003152
008578
003382
001688
001322
008429
004241
002214
001952
003286
007417
009848
007412
004237
000947
007726
005783
008874
006468
010017
009249
009807
000938
005666
002004
004501
008538
000798
008194
000785
005624
009240
007886
009907
009596
007325
007683
000766
003620
010038
006049
010434
004609
008439
009490
009476
008596
008656
005027
008201
008227
004096
007554
006471
008470
008726
001492
001231
002862
006596
006487
008219
001781
008794
003455
004171
008236
005771
008200
005883
006437
003917
002312
001306
001918
009311
008445
005588
005495
002304
004121
005329
009196
008594
002961
000392
007633
000106
004495
005995
007239
010547
005053
000814
006242
004460
003477
000821
003484
000411
001531
007234
004526
010525
000897
003991
003063
009788
007827
007336
002132
003125
002135
008001
007231
000196
008007
005625
005121
002266
008834
009282
010281
004953
004194
006669
003060
007868
007202
001467
000342
005562
005983
004145
005787
009288
007275
001664
008494
005931
004261
006268
008411
004206
001004
004219
010272
001660
007198
001717
010385
002034
005306
001477
005029
001530
005702
001449
010511
002070
005175
007160
010534
009758
000276
000889
005998
007561
005018
001176
001771
001867
003789
000681
008884
009974
005155
009720
009515
009735
007145
006417
005961
007530
005924
005366
008718
007219
002029
006013
005579
003307
006149
009936
009437
000319
004049
010483
008120
007477
008146
001815
000042
001828
008719
004214
010484
001992
010223
010090
000747
008905
007313
005810
009417
005136
001873
008933
001263
007800
009299
008689
003395
004520
008533
006262
008183
008306
005583
007873
005412
006093
010432
001875
001663
009283
007422
005430
000844
003021
000028
008504
007880
004267
010249
003682
001797
000741
006574
005013
001772
005684
006079
002806
010116
000848
008621
000291
007978
009259
001541
004301
001224
010318
007799
007156
008443
002215
009501
005387
001807
004467
008683
006331
008335
004347
005648
005657
005261
001812
008195
001512
001993
002211
005555
000381
005211
001936
006379
002936
001749
010104
003351
006718
007062
001990
008774
000064
010588
009226
009584
000094
008438
008513
000177
007089
003176
006176
002342
008253
002307
000898
001264
002929
005862
007137
006155
001896
006456
002076
003418
010053
008757
007385
001909
002311
003362
002292
005222
009234
000207
005977
007263
009738
003603
009483
008682
003333
002565
001161
001853
010164
002560
003972
007673
003769
005374
001809
002069
000332
005204
008737
003022
000427
002093
008165
010603
000368
002141
007603
002907
006570
008609
006103
003977
010099
001788
001609
002903
002260
005746
007093
008587
003897
005295
008554
002906
001649
007615
001507
004298
009850
002436
009216
010364
004361
008847
008380
008266
001905
001546
007763
000260
003745
007613
000445
009473
004473
007155
008750
000233
007441
003820
008665
005184
000119
010422
005432
003801
007376
006807
005449
009939
005117
008101
008882
007616
009753
008500
008014
008701
008524
007125
002295
006324
010416
001392
005719
004399
004056
001548
009511
009429
004284
001341
007061
009873
003075
008414
009332
001827
008244
006811
009236
007788
008506
002947
001666
002263
006768
002139
007452
008017
010032
001625
001203
010155
007522
006600
003580
006309
000194
002977
003894
004358
007934
009327
009363
004370
001963
001462
004260
002174
009645
001743
008816
005399
005363
010320
009543
007361
003053
008532
006122
005318
010136
004637
001291
005705
006439
008928
006256
002534
001968
000288
004485
009276
010141
004954
000256
000012
002136
000110
001742
010210
006166
003277
001319
008090
000745
002486
002956
004289
007583
001687
009783
002401
006808
002513
007682
007612
000309
000364
007747
002062
007065
004273
007398
002113
007720
009812
002826
001719
009986
010076
000200
009678
007687
000135
006818
005646
008711
004990
008139
010112
002169
005665
005876
000943
001387
005943
006465
004677
000385
006193
001939
007829
008141
002928
010245
008710
009267
007990
005052
005085
008815
009782
004449
005576
000725
005033
001059
002868
008896
003464
001440
004313
005501
004147
005054
005078
002375
001114
003336
008284
010593
001561
004311
001289
010216
005910
005217
007312
008914
006810
005815
009200
010615
004100
004278
004487
002433
003216
005632
001776
000022
004360
007918
009561
007823
009341
002148
006780
001475
002904
007861
005122
008672
005304
010293
006576
000769
009512
007091
002102
000875
003031
001840
006616
006399
001607
005724
001372
004086
003026
002484
004969
007494
001374
001035
005185
008073
002151
009558
008738
003151
000285
001631
008154
006313
005456
009965
001603
002566
008728
006153
005703
001280
009881
008247
003038
002014
009399
001689
004154
003433
008544
002146
003881
004225
004070
007292
000282
008376
004116
005692
005287
005274
010352
006788
009518
006007
000704
001207
004569
001943
000139
008908
008250
007520
004440
000281
007507
005947
008825
003201
002281
003684
006305
008041
010332
003672
008462
006709
009497
002376
001739
006553
010522
002250
007848
001416
010280
009999
007750
008514
006386
006747
005712
000068
005038
007281
000240
002488
007906
006102
001813
007635
000345
010607
001848
001429
004391
009372
000727
009472
001271
006725
001146
003243
007798
009932
000946
003384
010299
006279
000782
000165
003148
008226
000683
005828
006232
009633
002140
005081
007505
008309
009552
005012
002361
008818
000359
004623
003153
007471
006358
010101
009860
002084
009915
007717
001082
002299
002188
000789
010181
004529
000744
000104
010353
005113
001352
008811
005472
007555
001084
003459
003030
008407
001494
009911
004106
001117
002087
006678
002017
009612
005400
009869
010217
006199
008168
004392
007456
002899
008557
008211
008516
005781
007188
002876
007772
004688
003716
008551
001510
003199
010325
001345
005147
008317
003419
010305
001859
003516
006277
006042
007890
000330
003276
007516
010357
006705
002085
002117
003832
004574
008191
010103
008185
007168
001606
001698
010454
004357
009329
004441
008562
004419
001134
003297
007128
007112
004134
008511
007356
008801
006609
007864
005946
000429
006708
001080
005208
008469
001364
002314
000096
008387
007674
007083
008686
005558
009312
005708
002322
001588
008036
002878
003808
007228
003437
003591
007871
006732
002809
002413
001226
005958
007544
010159
007915
001422
001239
000182
010507
005757
005165
000811
009594
001135
005881
009618
006666
004961
002222
007596
001313
005593
004547
004178
003317
004509
004579
008339
004369
005186
003597
007309
010271
008258
001709
002890
007965
008679
004335
006226
004479
006430
000912
007193
007925
009673
009921
009941
009197
004151
004692
001136
006452
010199
001732
000993
005279
003213
008023
010462
009462
002908
002477
008403
001991
008568
005713
007272
009398
000830
007526
001366
009275
006464
008444
000788
007075
007632
007386
001677
005709
009703
002332
001711
008099
003409
006029
001613
002976
007804
001411
006160
010209
003646
000150
010435
004454
003389
004508
008756
001590
004644
000735
001340
004694
008541
002186
005170
010012
001174
007253
000294
002386
005698
010425
005383
005729
007499
009668
004415
007898
007197
008778
007665
009459
008678
008040
001870
006473
001125
006653
006229
003458
007789
007274
010061
006340
005332
005138
001257
007768
001506
005339
001554
000972
001133
008169
007455
008918
002127
006721
004935
001031
001509
004682
007841
003893
002414
007780
010089
006128
009450
007373
006158
006496
007932
006657
010513
000731
001516
000984
007778
001838
000313
006084
006515
003920
000831
003266
009381
008826
001287
003992
003091
008492
009743
007863
001960
006601
008303
006785
005008
002238
010302
004081
005461
003013
001929
001553
006773
008580
004112
001260
004323
002449
004170
010045
006649
001217
003195
005714
005016
009899
009647
001423
010526
007377
005127
006559
009454
002915
009313
008449
001790
004025
003739
004113
005615
000204
009666
007595
005326
009586
005669
007550
005370
006611
008498
003724
001626
001170
003474
001923
009382
008361
002892
001669
009529
002516
007685
000303
002937
006284
001181
005738
002167
000748
006130
003449
003537
007795
009855
000080
000019
008419
006138
008630
000426
007127
003390
006451
008807
006415
005310
003564
001503
010582
009350
005975
009324
006077
006500
002352
002384
001802
000918
000867
001061
003494
009683
006658
008106
004976
005605
001684
002099
008375
001065
010418
008268
001785
004246
008054
007579
001705
003693
010471
000129
008051
005912
002202
005942
008518
006361
009774
000861
007817
007444
001724
004348
001741
001956
000056
004352
007901
007423
008221
010503
008792
006650
000167
006551
002410
003926
002053
003857
008603
005380
005089
009631
004561
007058
004243
006511
006610
002114
001656
000147
001857
006536
004941
004589
005993
004533
008408
000438
008477
003989
004615
001540
005520
010068
008586
005129
001595
003798
008223
001849
009445
010163
002039
003436
003513
001480
005015
005441
000290
008066
007414
005704
003340
003279
010524
007876
007967
006183
000826
010014
007276
003688
009984
009640
005303
007933
005429
004504
001098
007510
000143
002013
010518
001424
006724
005466
003067
005095
010557
009701
001500
005819
007363
008131
007587
006210
003018
003918
006750
007709
010174
010263
000793
006318
002987
005756
009302
004646
000777
007712
009452
007396
001253
002043
000423
006575
003593
005364
006463
000298
005100
007237
009538
008467
001792
004120
009706
008421
005900
001889
008140
004091
004088
009550
001393
008556
004126
006167
010063
007938
000146
009613
006581
001060
006117
001254
009976
001778
005331
007698
008730
003254
006764
004247
009963
008655
004438
003397
008932
003358
005460
010470
009762
007987
006578
003101
001234
001078
004108
002089
004992
009555
004218
000269
007495
009785
006387
004204
001568
006378
007846
006043
007372
007980
010473
000264
009361
005104
006394
002817
005092
006040
000103
004672
003797
001866
005009
010618
009810
004161
003774
004233
005017
009669
010479
007574
010291
009451
010467
004230
007059
001164
005243
001808
000246
007244
003689
005119
004541
003004
003967
005899
008550
003443
008300
002272
002426
008865
006453
006022
009251
001354
004028
010541
003602
007289
001948
003144
005347
004166
004053
009541
006111
006365
007957
008206
007308
005446
006192
001818
008528
007435
001532
000134
006091
000764
000729
003404
006676
001331
001865
001406
001726
009232
005405
008842
006719
006690
001834
008404
002091
002830
008708
001010
003567
005232
003605
005112
006146
001334
009639
007136
007758
003558
003357
005140
005722
007879
006301
007519
004662
010026
003848
006010
007875
005499
004104
001397
005142
008503
006148
001175
008584
004021
005985
002124
007315
005874
008259
005901
006376
006374
005384
003585
005637
008398
005873
000141
009412
003713
002082
007972
010554
007379
010431
007664
003002
002067
000052
004502
007669
004461
007776
010453
000780
007666
007759
008849
003225
000433
005068
007458
001476
001658
010327
001537
003287
000711
002387
000407
007207
006231
007816
003980
002255
006241
009474
007732
001980
007662
005181
001326
004144
003259
009919
001877
005477
008723
005288
009252
004346
002875
001487
004085
000148
001038
008000
000192
003979
002517
008895
002533
006009
003743
006740
000316
007801
003272
008755
004599
005415
000339
009994
008488
008854
003674
009961
001643
004470
001215
003950
005131
000126
004035
010120
003550
000715
009800
001784
006552
005354
000374
010069
007440
007220
006212
003051
004300
000091
001230
006368
009718
006070
000138
003752
006443
008502
001908
002154
007696
004641
006071
005770
001409
008654
001018
007349
002823
009696
004075
005693
005350
002891
007773
006435
001736
000734
009943
003509
008510
006425
009231
005568
004651
000346
004634
000030
005604
002940
008576
002888
002015
004560
006492
007243
005506
002933
010203
003652
009714
010300
003379
005115
006352
009400
008830
004410
001142
002564
001556
008088
001023
008798
007645
000244
010469
008929
006762
003779
003771
006699
003344
002865
008215
005201
006580
004386
003380
003574
001046
006739
004169
005434
009186
005661
009520
002134
007071
002303
005578
007307
010619
005675
004054
001635
009755
008144
002429
008360
007539
003128
005984
005116
009385
001800
007624
006421
005096
002511
003284
005343
003322
010391
009401
010594
006303
009797
005990
004272
008662
003717
000908
002866
004943
009556
005988
010132
005524
002320
002394
009421
007107
006665
002845
000189
006396
002079
006051
006485
002945
003466
004213
003836
006778
005160
001307
005468
010021
009989
009424
001085
005754
003784
005972
009425
005557
009942
005786
008003
002468
005811
005511
010393
008298
009637
006700
001225
009397
005859
002879
002343
002388
009423
006099
005728
009981
006055
000230
001360
007278
008685
009504
003189
008534
000154
003267
000749
003579
001602
003005
004619
010532
002431
004987
000685
004375
004967
002458
009253
000372
004211
008199
004127
006429
006281
000935
008483
001975
002383
001001
000213
003094
003814
010043
006026
003290
009499
010224
001361
002994
002473
006220
003083
003592
008597
008581
001099
004430
001693
000128
006661
000985
003860
000252
009469
010055
006337
006033
004275
008222
007998
006164
006239
006628
003600
008269
001927
001850
001441
000370
007724
008846
001359
006528
008132
001428
005394
008102
007902
003353
007199
006643
004577
008031
001524
010208
007627
002559
003081
010565
006253
008178
008113
002180
004123
003704
002366
007399
007993
004030
004443
007885
006681
010612
005454
008648
004466
010253
006369
003099
004562
001312
006080
001692
008838
009722
009815
001413
000856
008484
000442
005690
008427
003815
007343
009844
000055
006457
004945
005791
001022
003727
002178
009677
006163
002184
005880
005951
003556
002009
000212
005492
003457
000190
000750
010493
002115
009383
000986
009479
009434
006131
001550
006689
004968
007212
007809
010308
010508
005917
005002
006583
008709
008677
006419
000776
000092
008050
004033
008566
002279
001087
006154
001959
010550
001938
004344
009790
010135
004407
005621
010205
006470
005914
001596
009374
004671
009729
008059
001892
000070
005945
007427
008768
008454
000885
006423
000169
009307
003791
002925
001301
008705
003655
002543
000809
005536
008196
004176
002864
001925
009531
007411
005721
009634
007891
010130
008722
004685
002990
010234
000706
004422
010260
008046
005882
004331
007797
007077
002242
006765
007079
000827
008184
009261
010288
007714
004571
000760
006371
006776
001079
007340
009351
006697
008601
010488
002106
005723
006481
000195
008806
010335
000336
000930
010568
007359
010165
008664
001869
007416
000914
000077
007845
004493
001718
008736
004046
007960
008831
004341
004052
001981
006285
000913
000838
002562
002294
003009
006584
008327
001805
007200
008005
002988
009229
009202
010264
005157
001269
004601
007573
003844
005919
005512
006319
007982
001655
003742
000866
010374
003465
010160
001266
001259
004598
004512
003490
001279
005733
003203
002392
005760
008673
009689
002887
004678
006282
001775
002035
010052
005590
001002
003029
006742
007777
003305
003082
009897
001552
005831
001380
005254
007889
008359
009277
001973
009737
003367
003690
001601
006400
002199
003210
008851
001221
005905
007983
001964
006336
000909
000255
009694
006127
001208
007878
002839
010117
008760
004464
004196
006683
001388
000343
010044
000991
004491
005163
007862
003135
003196
008118
001871
006587
005739
002816
010501
002855
008278
009500
005336
001681
007737
006357
004638
009223
010546
004186
004263
004432
010438
008212
010421
009878
003792
000895
000386
004594
006184
009377
006050
008647
001563
000876
009533
007258
000312
003117
007962
005079
007765
008863
008530
003161
004005
005797
005834
003554
003636
007190
002040
008365
005979
010029
002824
003236
000700
002962
010456
004268
002850
000422
004382
006356
008496
000845
002077
000915
003692
010086
009348
010040
008276
004648
003262
004152
009262
008275
007704
000753
006824
006216
000773
008898
007911
005824
000072
008114
010022
007656
000136
002049
001281
009227
004524
004082
004297
000425
005764
003762
004546
010368
008900
010127
002958
010487
001138
000892
004555
007701
004950
001547
010433
009913
003765
010062
010235
005551
008156
005963
005839
000703
008343
007631
003427
005164
006175
001577
008862
007608
003611
004697
000730
007945
001124
001426
003338
010474
002200
001525
005948
006105
003870
010387
005403
001583
009801
007115
007803
005268
009306
002971
002926
000968
007484
005752
001459
007443
003528
010312
008800
006182
003385
003754
004155
000216
001627
004395
007541
002499
010349
005974
003932
002523
009436
002415
008021
002428
007681
003521
001252
003240
000971
006495
005532
008011
007473
006727
003731
002105
006701
005720
004157
002492
007367
008235
006613
003381
003775
002479
000199
001578
006350
001286
007597
009215
009193
006543
000953
008704
003715
003077
004983
006694
006104
006546
003687
001646
010356
002051
001066
007118
001029
009593
006622
005487
000334
000097
007896
007663
002377
001702
003531
008567
009301
000262
006734
001955
008907
008783
000350
000121
005872
007621
005634
003899
004185
004474
002138
001465
008604
010013
001148
000018
006408
008633
002923
007165
010256
008344
009980
006692
007600
006360
003858
002530
008207
008903
000217
009540
002129
008680
006460
005224
000333
009901
003303
000224
006612
002837
003304
008775
005215
001930
004988
003828
009805
001461
003008
003221
005362
006772
007342
007264
001922
003817
000906
009674
006554
010114
009265
001212
003088
009575
008171
004184
008205
007881
006098
004068
010505
010464
008125
001872
001881
007432
005166
009269
005553
008368
008044
004492
000235
007807
004655
006728
006101
007223
009608
010108
001704
009291
001829
002846
003571
004150
001191
001640
005818
003644
005036
010388
003952
008777
008450
006526
003514
004993
009725
006217
008110
002558
007425
005471
000358
007164
002197
005328
004084
009537
005561
009314
008892
009442
008364
001597
006065
010243
006730
000864
010457
005554
001773
000361
002011
001293
001623
000795
009985
005075
004122
000066
007703
004101
004129
008661
007194
004372
000140
010010
008681
006795
004583
004525
004468
007502
008646
000219
000923
008010
005300
009245
006713
008136
008563
003227
007208
004603
008881
000774
006372
002126
010620
003976
004621
008845
000031
010359
003450
000239
005906
004558
008096
001033
005139
003320
002137
002160
005475
001852
005672
005768
004308
004497
007337
008391
009867
003951
010255
001358
007110
002059
009510
003825
005606
010008
008301
005608
000245
001090
005237
001949
008913
010307
009604
008456
004437
003292
003572
000355
004362
005020
003507
000881
008097
007916
005496
007391
006522
005389
001760
007963
010167
000434
000413
004948
003523
005528
003805
008423
001593
008214
005023
001967
005641
002450
005397
007238
001107
005257
009664
007282
006075
004092
008020
006568
006066
002147
007843
001899
007755
009972
001675
008381
004476
001412
003424
007812
010275
007405
006530
001682
010384
005836
000757
006406
004506
007211
002999
006483
009705
005980
005725
001373
008508
003949
001235
009957
009922
003103
000373
008559
007623
005444
000929
003624
008527
007442
000259
001151
005135
001034
009835
004339
000808
007948
010097
007525
006569
006540
009983
007487
005884
005180
009733
005420
001417
008294
003575
009892
010115
008112
007246
002898
001115
006057
010313
003238
005902
004997
010408
003069
008035
007279
007774
006720
004072
002966
000431
002420
010463
001897
005609
009433
003116
004220
009279
007183
004658
006326
006539
010621
002213
010411
006031
001733
003614
004359
004511
002130
003403
007420
003073
004611
008657
005565
001592
009297
008435
008312
002918
002951
001903
002166
007102
000295
003800
007439
008829
002181
000955
004240
006598
009744
002159
007968
000117
002216
004952
005677
005772
000188
000886
000919
008281
000982
006038
010033
007793
006679
010049
003110
007834
008582
002912
003725
003228
008371
003723
005527
003469
009824
008390
003349
004535
005321
003033
004559
008676
000183
009482
003756
004622
006535
000363
006106
006758
000928
009846
003312
001141
009784
007123
001937
008107
002439
006345
006450
007996
006074
003422
004958
010629
006335
007100
000772
008549
008786
008909
000862
008836
001437
009793
008248
004531
005689
002333
006349
003875
008285
007479
001628
002198
007235
003331
001657
005077
007464
000791
000300
005908
008936
003699
002967
006362
005817
003722
009765
009990
003708
004322
005032
003155
006608
005971
005286
003498
010600
008379
001479
002957
004411
006505
008813
001474
003295
010598
000107
007106
010001
001885
008318
004575
010397
003957
005619
001632
009326
003369
008417
010298
010078
003118
008674
003627
003306
005231
001855
001129
009486
005748
008430
006816
004003
003921
010365
003463
002495
009638
010200
003372
007434
001073
010191
005542
004133
007743
007931
004652
009804
002952
010277
008919
003079
003386
005595
001021
004549
004999
001081
003024
000435
007121
005603
010510
007563
007752
001560
000046
002454
008129
000105
007783
005070
007129
007840
002981
002270
002235
003999
005220
009749
003839
000036
006445
003818
008426
010004
007826
007784
007572
007498
006197
006115
005418
009920
001861
001094
006794
000738
004229
005847
004283
002364
003651
000074
009488
007268
009407
005575
010190
007138
008409
009917
005785
008850
008345
000994
003935
009863
000033
003761
003524
009460
003962
009563
007135
000682
010018
004001
004483
006020
004587
009764
003517
006455
002282
007836
004630
000825
004031
006278
009752
007888
008442
007577
001489
001478
009845
009565
004321
001386
002968
003915
003698
005199
007786
005099
001168
009404
004062
003462
005814
006078
005298
005929
005248
003100
009711
009871
006662
005750
005209
005014
007921
004077
005861
003036
007924
007072
005111
003168
003046
003289
003475
006414
005803
006806
009432
005926
009691
003536
001761
009902
006670
002033
008759
000746
003535
005442
005804
004079
008694
004264
008619
009960
005393
009775
000158
000695
002038
005775
005203
007493
008475
009679
006322
005360
001305
007508
000168
003525
001451
004223
007167
007158
002374
009970
003205
005849
003097
004156
008569
008675
007643
003434
002953
009205
002470
004570
003315
000026
009286
010250
000014
004380
004429
003973
005106
006766
001984
007591
010363
005610
008204
007658
004366
004191
004402
006754
002502
009577
005563
002005
000783
004435
004650
010319
008745
005718
008491
002810
007147
008573
001997
004423
003891
003810
009864
008342
003788
010238
005645
009657
006564
001707
002920
008436
003631
004097
001680
007535
003806
006549
009856
000926
006752
005088
004616
007486
002348
002840
010031
009548
010441
006434
004307
000894
004038
008921
004962
001104
007141
007295
001974
007390
004320
006002
001444
003023
004073
002391
008460
000837
002161
004008
001074
008629
010366
005987
001049
009663
005570
004227
008940
000170
001901
001162
007534
002041
002019
005436
007388
001634
009560
000157
003375
003326
005431
009893
005294
007184
008717
009463
000278
010570
002983
009622
002969
009713
003366
003559
004343
003378
001488
003515
008471
010176
007214
005271
002256
008396
008607
005346
010417
003638
010322
001000
009651
005840
003983
000351
003997
004029
009877
006215
010129
008416
010381
000274
006053
003586
006351
004299
005292
007374
009883
007437
009909
008734
006751
008873
000078
008213
005796
008218
000948
002162
004128
009581
005000
006741
010569
009210
007298
005591
000268
009910
008314
001645
005289
000920
003942
001798
000377
007782
009964
005552
005992
007640
002960
005413
000792
003112
003664
009707
007247
002813
000688
005498
010543
001178
004368
008063
005398
006431
004057
003923
006312
005649
003551
007509
001754
006100
005845
004581
005196
010267
009723
004963
005731
007357
003019
003782
001348
008098
001708
009366
010138
002897
004548
002237
001508
005758
005265
009828
007853
009554
002504
007090
007488
004131
007562
001751
004417
003115
007660
004453
003728
000238
001443
001676
005167
004565
002463
005105
005313
007395
006392
002309
007302
002483
006497
006579
002522
003416
001495
009439
009698
001854
004212
004450
003982
004270
007644
002396
000835
003481
001566
010597
010252
004946
003298
002807
010402
002946
010309
000761
000736
003760
000321
000771
002424
003543
000712
005742
004455
010426
009583
007672
008119
002027
006793
008531
003581
009796
007210
007787
000927
010231
007951
004452
002155
003607
002998
004394
008565
002393
005547
008523
009346
008653
004675
005291
001985
006363
010278
002950
005534
009517
000936
009379
007654
009524
010410
002157
000273
007970
000690
009676
001262
010225
002273
000307
000062
003548
009498
006230
006211
003246
003133
009686
001481
004251
001961
005179
007599
007819
002265
005001
007837
003482
006090
002365
001668
000132
001969
008799
004480
010490
000687
001445
007749
009900
003609
000849
002514
000037
004200
005358
007132
004640
005483
004554
000226
003530
005411
006283
005909
005409
005299
002812
008841
007903
010073
000756
001651
003534
008623
001690
001408
001401
007715
002964
002002
002910
006687
001342
004181
010587
003907
003359
006214
002052
005856
008643
010240
005525
001868
003202
004302
004965
000082
000144
003833
010530
009389
000322
005480
005808
010074
009579
002993
010168
004534
003017
006317
009528
009527
009576
008668
009953
007280
009564
009988
007745
008696
009592
002829
002385
001720
005807
005307
004143
000089
004639
010521
009598
000202
006044
004141
005258
002395
000424
003050
006144
004553
003076
006656
000356
001569
003767
005509
002934
007691
005102
007969
004591
008635
009938
004378
008843
005618
006602
010442
004427
005822
001121
006490
010158
005414
009945
005921
003916
009605
000137
008561
009876
007828
002071
005368
000960
005620
009264
002985
005148
010491
001652
005936
003511
001075
001051
007224
003908
001347
008273
003877
007565
005490
001564
006172
001605
006462
001119
001346
003093
009726
002104
004982
003299
005381
007119
001617
010592
004036
008855
009494
009895
000950
001013
005212
004061
005662
003914
008819
010498
000418
001045
000868
001976
002441
008103
000362
008189
010489
006017
005109
004439
002016
009358
007984
001008
004114
007909
008257
006152
008393
007375
000250
009884
005877
003460
008203
000990
003085
005022
008287
001092
010436
001024
009826
010389
003072
007693
005325
008353
002208
001533
001837
007429
001696
001970
008238
004158
001770
001089
010527
003214
009609
001157
004998
009228
002217
005143
005809
004253
008289
003468
009757
000878
006300
004665
005083
005776
008319
009309
010563
001779
003673
007973
008910
001654
000009
000171
006634
004544
002398
003960
006227
004000
009653
001318
001268
010624
005751
007859
010268
001521
004174
002328
009569
003547
003733
003661
001667
004252
010348
005566
006542
000436
007334
009903
002354
007824
003783
005252
003512
001196
006039
005137
002848
010064
001362
002979
001759
003016
009526
005888
009257
010187
005283
009923
004349
009449
002349
008833
002125
009335
008552
008326
005039
001638
002490
007854
005545
001879
001746
001370
002021
008048
008251
005320
002858
000833
008270
005493
003539
006467
000201
004287
003446
005416
002881
003137
005256
002452
002165
008916
009847
007267
005938
008487
006187
009888
005639
008104
009997
007815
009646
001728
004195
004334
010579
007578
008917
006715
005455
002943
004576
006124
006625
010015
004936
007604
003683
008232
006480
008147
009568
010269
003501
000394
000865
000015
004024
008117
009534
006707
010051
002535
005006
005960
001206
000794
010247
002418
007884
003861
007959
007905
006770
003472
001931
007652
008176
010212
004661
010531
007323
009748
000816
001027
005680
003964
009780
004940
003430
003594
002465
002247
008346
006531
003150
007466
002326
000041
006382
007628
005529
010450
010367
004691
006784
009995
009431
005925
004586
003377
008082
002498
009337
003665
008422
006136
005045
003068
006383
009822
005904
007648
001831
006412
005927
002173
004324
010627
009937
009763
007770
002540
009658
002914
005408
003871
001582
000987
000398
007997
006787
007286
000024
010401
007676
002411
000181
009308
005864
007575
005051
007528
005633
002287
004406
001365
001357
006348
004279
003582
007944
008499
008122
004490
001223
005065
002524
009255
008033
001213
006188
004478
003676
001579
007114
007821
003218
009852
010146
005584
005581
005747
008611
004510
007481
008177
009195
002541
006024
006733
008415
002225
004500
007254
002321
005853
001110
002044
008839
008713
010314
007413
006288
001120
006805
006655
005885
008887
004584
000887
006557
010067
006364
009426
006402
007078
008337
000781
007570
007766
009992
008749
006599
003224
008047
008547
009191
003206
005915
010179
008159
004164
003852
003080
002416
001311
005820
006736
002296
001691
000409
001545
000125
006743
010478
004140
003183
006107
002008
005573
010144
003510
004387
007610
003442
009491
000996
001371
004190
001753
001183
003074
003826
005638
007149
004538
002549
010188
005521
005956
009395
008481
000937
008793
007529
001555
004539
007571
008853
009567
008634
000686
008785
003599
003632
004418
009580
003811
005146
001017
001701
010499
001762
005275
007586
003695
005476
000851
000391
004248
009198
000790
000003
005569
002190
000263
005253
007858
003365
002991
005538
009841
010476
003729
001714
008852
006346
008766
007825
000443
001367
009402
000440
006000
008772
004326
005260
005697
008440
008893
002275
007981
006238
009896
006771
002995
004037
003963
009475
001706
004259
008233
010461
000145
001155
008135
002869
005686
007480
005158
009818
001845
002324
009747
007518
007994
004445
002058
000180
005447
001330
002867
006615
006783
007855
009599
006064
009868
004224
003823
008028
003441
005226
000375
002818
001576
010344
007162
007736
001912
005270
004377
010081
001149
008644
005727
009411
001456
001843
006320
009967
001245
000430
008605
003987
001491
006168
001672
002852
009359
006339
002060
008880
000095
002182
008386
002024
000974
003662
001695
000155
000038
010485
003577
010576
006703
008615
004257
002405
007928
005206
006143
005452
002278
010529
008902
002896
001581
008539
006321
005433
010254
010466
004239
008076
001218
000371
004979
010201
007095
007392
001353
007326
001565
005670
004011
008126
003453
002551
004234
001864
009853
001202
007914
005482
002096
005654
005205
003902
001014
005340
006755
006710
006638
002545
002261
010198
006119
010316
007923
003563
009601
005515
007476
007157
002546
000060
004442
003680
001047
004043
009740
003701
002358
002143
008262
006731
005337
004456
001783
003794
002327
003341
006510
007609
007469
005691
009956
009448
001192
004605
001197
009343
007907
004684
006637
003230
007946
010301
001756
007954
006311
006405
008583
001473
000724
008535
008027
001801
002882
004069
009925
010222
002150
001567
005790
007451
010047
008747
006593
002447
003122
006398
006674
008640
000231
002949
009879
009428
006008
007818
006001
009671
006547
001188
002018
007331
005365
010424
007979
009271
007338
009219
002482
003634
005953
007744
005067
006156
010590
003215
003740
008667
006821
008134
000817
005650
010537
008478
004148
004110
007410
007500
007647
008497
004488
000852
002095
001012
001994
006573
002474
006180
008265
006706
005352
000697
002107
000969
001285
000995
008271
006722
004938
004050
005935
003734
005502
002074
010591
010070
003868
007791
010362
008347
001653
007727
008362
001574
008170
004951
000258
001921
005066
002501
003654
004090
007314
006461
004167
001118
004557
005526
006037
001068
002288
008872
005031
008231
009521
008068
004932
005741
004984
009889
009364
008130
001766
000405
007756
005762
000315
009837
006006
008451
002493
001716
006737
003264
003179
009968
007187
004403
006591
007327
008152
001662
005939
010211
001793
008274
004528
009260
008593
003657
004389
008627
009591
006059
004139
007986
009935
001894
001777
006206
009641
003204
001794
000961
008939
006498
009360
004989
010373
009690
007303
001315
010294
005682
005435
000807
009996
003643
007257
001219
001729
009502
010229
007393
008628
007159
001405
009221
002461
003301
002112
006617
005920
001199
007419
008579
000942
001103
003095
006763
004489
009467
001327
001505
000787
008193
000280
003269
006274
006270
003911
007369
002542
010497
006036
000304
007598
004187
003169
007192
000976
008078
001483
010415
001184
010060
002942
002310
008751
005769
000379
000854
006145
008944
006291
000857
000367
003048
010037
006506
008030
006623
010239
000732
002491
005369
002339
009349
000762
001735
010452
008651
006667
010564
002877
007943
001299
004660
008599
010342
003324
005202
003086
003633
010370
006668
001216
007638
007288
010407
010311
003526
001703
007649
009578
003134
006404
002097
005082
006401
007721
004396
003827
003309
002460
003944
004066
000301
008589
004373
008180
010096
008190
009342
001685
006685
006048
009340
002895
003793
004332
004071
007802
007124
008340
000057
005643
002380
005150
002989
010154
004482
001856
004281
006213
008370
005044
001007
006257
009840
001515
009263
010257
004119
003956
000113
006063
004428
004363
008731
005395
010009
010162
008489
008805
007540
002128
004590
009416
010578
003275
001730
010056
007675
002527
005093
008803
003332
003198
005600
005190
007847
008230
005635
004973
006802
005994
003121
000949
006537
010020
001810
005928
002417
008877
001616
008240
008402
002886
009700
003439
008070
008702
005893
002408
002854
006067
000952
002557
006272
008864
009934
005060
010170
003604
006753
004250
003795
005072
003207
005124
007389
000871
002007
009874
005730
004064
010177
009606
009809
006205
007098
005629
000728
002567
008149
002259
009838
008310
000115
003222
007362
009927
010611
009243
007566
009946
005428
000378
000102
006418
004009
007445
007383
005858
005134
006298
004295
004632
008904
000353
003610
007831
001585
008608
000021
000446
009670
005263
010059
008948
010011
002212
000317
000846
007354
007382
009839
001140
008463
001228
001983
005937
008367
009492
007283
005549
010409
002871
006488
002532
002308
010058
003282
003629
006377
006014
003941
007355
005795
001586
005156
002083
010171
007637
005330
007236
002430
007130
007751
001535
008060
007908
005152
002827
007291
009347
000229
005004
005308
003010
008145
005580
003145
006028
009814
006494
009209
009220
006023
009734
005473
005636
004667
004040
007317
007719
006266
008209
003248
007366
003702
003520
003842
007728
008395
001190
007893
006508
000159
001091
003527
009692
010057
010214
010533
000834
009906
006822
004472
008832
010549
002226
010386
000090
000694
010258
001935
005037
001920
005685
002331
002164
002248
002853
005005
001154
001127
005567
004465
009776
000297
005789
004256
001368
007533
007206
000228
007503
010072
002485
007661
004564
000716
004481
009406
000743
003919
007329
003141
004434
004680
009290
000284
008378
010317
005030
002253
005510
002423
008743
008950
005269
007515
001108
002475
010602
006343
005871
005266
000702
010481
002194
001678
004165
006735
005101
000025
005443
003167
008490
003194
001513
003146
001204
000220
002239
009768
009496
006603
007260
010153
006086
005952
001283
006812
005913
004426
003969
009419
000684
004103
007133
004317
004089
000320
006380
007076
001180
001996
008784
003014
007813
010107
010552
006083
000900
000888
005897
006255
002271
007605
010413
007699
008100
000164
009256
000822
003012
005805
001042
007894
007438
008476
009695
003440
002285
009766
006221
004262
007705
005019
004039
002241
004067
001167
009769
003978
009791
004019
009916
001195
000020
002539
003714
008906
010414
008299
002571
003400
008920
000911
009617
000403
010516
000420
009320
005322
005614
004312
009821
007620
002055
003829
007594
009623
009485
006076
000017
006641
003114
005264
005240
001941
007485
010134
008585
002407
002456
009189
001057
009315
009362
010118
001890
009741
009894
008349
005533
002948
003971
000733
007810
001765
003278
007582
006501
002363
005422
005375
001237
006069
002453
006558
007332
002570
004595
007964
010555
005699
005668
001436
003945
005351
002419
003233
001292
005401
000382
006088
001924
007552
008459
003612
002873
005535
010559
002403
000432
004034
001270
009376
002427
003862
001338
005267
001884
006054
002045
006151
009859
004505
005385
003500
000124
006688
002856
007218
005846
006062
009761
008087
008670
005966
004556
001244
008410
005011
009636
003209
010628
003190
010429
004975
005024
007154
010443
001962
001484
008645
008692
003953
001294
003822
007568
003334
010574
002529
008697
007626
007527
007060
003883
008182
004627
007178
010595
000869
001965
005151
008163
003736
008727
007514
006823
001015
005587
001529
007265
004159
001425
000156
005886
002531
000400
000376
009665
007927
000940
004265
007311
005462
008840
007779
006243
000860
009268
002494
002872
007284
004365
009627
003890
002244
003311
001383
000388
003874
010419
001851
009493
009928
009274
000352
003250
003171
000083
006801
001227
000149
003763
006085
003113
004977
005058
000444
004408
002831
010285
007856
010361
001824
003993
001198
008570
009519
005826
001179
000836
006287
003869
003705
004657
006729
003834
006018
007241
002842
007070
003884
008529
000404
000901
010232
008356
008150
005391
000874
001333
009619
009572
000710
008348
002243
008062
008636
002381
003270
004142
002293
008406
003363
003863
008947
009213
000023
006717
009632
003965
010202
003476
001880
008313
007564
003986
001958
004020
000899
005183
000299
003855
008725
002345
007543
009233
005245
009786
004282
009368
009661
009387
005010
009816
004280
001077
002880
009427
008509
000265
001177
003479
005717
005628
005144
004698
007131
010306
002269
007353
008022
008138
004580
004012
009235
007678
000160
001096
008658
010183
003131
007063
003570
009858
008639
009991
010338
002520
003487
009446
003584
003922
009830
004518
004047
002808
005967
010080
000116
002379
002251
001335
001932
006366
009456
008373
005978
003495
009422
004193
000112
003471
010500
005744
008931
005424
008942
000099
007324
003396
005523
003598
005930
008703
007625
004296
008160
002404
001442
010606
006195
004949
004585
007692
003370
005314
008620
003909
000406
001544
010608
007459
006201
009352
007619
001275
005611
008296
003408
004353
003192
001054
005658
001758
006604
001934
002176
003626
010343
005696
006330
007117
008115
002329
002847
010106
007478
008666
009655
001420
007462
009536
001830
003166
009648
006174
003212
000166
007409
000324
001977
008002
008389
010228
007240
010329
005341
009507
010262
003105
009993
007293
007170
002028
000329
006397
001145
008363
007447
007370
008753
000034
000027
002367
009478
001966
002360
002849
003399
009357
001407
000086