00030027
00041442
00036908
00052885
00016590
00010319
00033873
00036506
00045523
00050470
00005879
00046008
00048128
00042315
00061572
00020939
00000089
00044157
00008812
00060355
00035271
00042109
00012108
00033595
00002839
00040306
00004873
00012506
00038899
00057731
00030975
00028901
00024977
00062618
00025657
00036567
00016117
00053420
00018785
00032918
00012706
00006727
00020118
00034555
00057315
00036578
00020407
00055411
00047941
00017448
00019419
00014643
00041473
00046552
00031854
00060335
00031088
00059812
00056888
00024755
00016648
00003066
00062924
00049204
00015319
00036345
00018335
00058329
00036497
00062253
00044821
00027162
00010141
00025415
00059947
00025456
00037408
00009485
00054140
00036510
00023037
00062486
00018128
00038024
00001890
00058116
00053516
00062014
00011368
00010359
00046029
00034726
00029674
00008490
00062754
00033967
00061330
00056432
00046846
00041183
00005909
00027294
00057596
00038300
00061004
00005845
00022412
00000090
00023906
00047809
00003151
00039918
00023286
00058260
00028991
00014865
00024595
00023628
00001800
00052092
00011020
00061655
00026859
00003246
00007841
00008638
00025230
00043991
00033352
00023720
00027324
00049616
00005470
00025100
00013102
00016115
00033021
00031613
00020705
00046506
00055789
00026031
00026291
00057623
00047834
00060646
00051247
00010903
00013172
00048327
00038802
00062135
00022834
00056152
00018030
00009536
00046981
00044533
00004435
00003150
00055099
00042643
00059275
00047608
00028500
00040222
00033615
00040083
00054274
00053927
00036844
00055557
00020842
00052644
00013633
00031381
00025587
00039801
00042095
00008512
00058597
00041459
00034829
00002609
00014325
00058554
00023995
00010455
00023742
00039133
00023214
00057903
00046952
00019261
00040930
00059515
00038254
00031868
00001731
00034678
00006427
00049318
00058624
00022672
00023908
00043224
00048191
00043810
00011258
00018082
00000906
00026735
00002034
00026797
00036575
00031942
00036807
00051751
00003290
00042749
00019342
00024286
00039277
00016122
00002400
00042355
00054312
00039280
00019638
00025568
00011996
00025578
00047934
