0109
0074
0162
0096
0124
0071
0018
0125
0144
0007
0005
0118
0157
0169
0111
0152
0037
0066
0137
0138
0056
0146
0135
0181
0171
0153
0063
0060
0188
0033
0004
0055
0094
0044
0045
0026
0177
0139
0112
0008
0113
0089
0090
0116
0175
0110
0024
0030
0186
0061
0176
0123
0019
0145
0083
0054
0155
0016
0051
0086
0131
0040
0173
0022
0130
0129
0136
0080
0098
0156
0027
0092
0108
0046
0187
0097
0062
0002
0059
0141
0106
0043
0010
0093
0073
0184
0170
0122
0166
0101
0150
0183
0050
0000
0107
0095
0064
0134
0041
0069
0049
0048
0085
0013
0143
0023
0178
0126
0020
0015
0078
0104
0052
0100
0076
0003
0189
0159
0006
0068
0075
0084
0179
0121
0012
0160
0163
0014
0167
0091
0164
0011
0119
0102
0035
0057
0065
0001
0120
0154
0042
0105
0132
0190
0017
0038
0133
0053
0149
0128
0034
0028
0114
0151
0031
0158
0127
0168
0032
0142
0161
0147
0029
0099
0082
0079
0115
0148
0185
0072
0077
0025
0165
0081
0180
0174
0182
0039
0058
0140
0088
0070
0087
0036
0021
0009
0103
0067
0117
0047
0172
